[TV1]
Best_Chromosome: [1 1 1 1 1 0 1 1 0 1 1 0 0 0 1 0 1 1 0 1 1 1 1 1 1]
測試結果:
K =  16
score: 0.566
[44471]

[TV2]
Best_Chromosome: [0 1 1 1 1 0 1 1 0 1 1 1 1 1 1 0 0 1 1 1 0 0 1 0 1]
測試結果:
K =  6
score: 0.595
[46213]

[TV3]
Best_Chromosome: [0 1 1 1 1 1 1 0 1 1 1 1 0 0 1 1 1 0 1 1 0 0 1 1 1]
測試結果:
K =  8
score: 0.5916666666666667
[34261]

[TV4]
Best_Chromosome: [0 1 1 1 1 1 1 0 0 0 1 1 1 1 0 0 1 0 1 1 0 0 1 0 1]
測試結果:
K =  6
score: 0.6175
[30953]

[TV5]
Best_Chromosome: [1 1 0 1 1 0 1 1 0 0 0 1 1 1 1 0 1 1 1 0 0 1 1 1 0]
測試結果:
K =  15
score: 0.62
[33972]

IRR: [34.776873967687585, 46.61926585952454, 50.75324815360824, 75.93464695732901, 239.72000000000003]
