[TV1]
Best_Chromosome: [1 0 1 0 0 1 1 0 1 1 1 1 1 0 0 1 1 1 1 1 1 0 0 1 1 1 1 1 1 1 0 1 0 1 0 0 0
 1 1 1 0 1 0 1 1]
測試結果:
score: 0.587
stratedy_money:  49644
[TV2]
Best_Chromosome: [1 0 1 1 1 0 0 1 0 1 1 1 1 1 1 0 1 1 1 1 1 0 0 0 1 1 1 1 1 1 1 1 1 1 0 0 1
 1 0 1 1 1 1 1 1]
測試結果:
score: 0.60625
stratedy_money:  43002
[TV3]
Best_Chromosome: [1 1 1 1 1 1 0 1 1 0 0 0 0 1 1 1 0 1 0 1 1 0 0 1 1 1 1 0 1 0 0 0 1 0 1 0 1
 1 0 1 1 1 0 1 1]
測試結果:
score: 0.625
stratedy_money:  36339
[TV4]
Best_Chromosome: [0 1 0 1 1 1 1 1 1 0 0 0 0 1 1 1 1 1 0 1 1 0 0 0 0 1 1 1 1 1 1 1 0 1 0 1 1
 1 1 1 0 1 1 0 1]
測試結果:
score: 0.6125
stratedy_money:  31816
[TV5]
Best_Chromosome: [0 0 1 1 1 0 0 1 1 1 1 1 1 1 1 1 0 1 0 0 0 1 1 1 1 0 1 0 1 1 0 1 0 0 1 1 0
 1 1 1 1 1 1 0 0]
測試結果:
score: 0.625
stratedy_money:  35820
IRR: [37.77593068338636, 44.00320687589756, 53.74145633006109, 78.37040113202637]
